1800
0.400000 0.000000 0.700000
0.399997 0.000000 0.700000
0.399987 0.000000 0.700000
0.399970 0.000000 0.700000
0.399947 0.000000 0.700000
0.399918 0.000000 0.700000
0.399882 0.000000 0.700000
0.399839 0.000000 0.700000
0.399790 0.000000 0.700000
0.399735 0.000000 0.700000
0.399674 0.000000 0.700000
0.399607 0.000000 0.700000
0.399533 0.000000 0.700000
0.399453 0.000000 0.700000
0.399367 0.000000 0.700000
0.399275 0.000000 0.700000
0.399177 0.000000 0.700000
0.399073 0.000000 0.700000
0.398963 0.000000 0.700000
0.398847 0.000000 0.700000
0.398726 0.000000 0.700000
0.398599 0.000000 0.700000
0.398466 0.000000 0.700000
0.398327 0.000000 0.700000
0.398182 0.000000 0.700000
0.398032 0.000000 0.700000
0.397877 0.000000 0.700000
0.397716 0.000000 0.700000
0.397549 0.000000 0.700000
0.397377 0.000000 0.700000
0.397200 0.000000 0.700000
0.397017 0.000000 0.700000
0.396829 0.000000 0.700000
0.396636 0.000000 0.700000
0.396438 0.000000 0.700000
0.396234 0.000000 0.700000
0.396026 0.000000 0.700000
0.395812 0.000000 0.700000
0.395593 0.000000 0.700000
0.395369 0.000000 0.700000
0.395141 0.000000 0.700000
0.394907 0.000000 0.700000
0.394669 0.000000 0.700000
0.394426 0.000000 0.700000
0.394178 0.000000 0.700000
0.393925 0.000000 0.700000
0.393668 0.000000 0.700000
0.393406 0.000000 0.700000
0.393139 0.000000 0.700000
0.392868 0.000000 0.700000
0.392593 0.000000 0.700000
0.392313 0.000000 0.700000
0.392028 0.000000 0.700000
0.391739 0.000000 0.700000
0.391446 0.000000 0.700000
0.391149 0.000000 0.700000
0.390848 0.000000 0.700000
0.390542 0.000000 0.700000
0.390232 0.000000 0.700000
0.389918 0.000000 0.700000
0.389600 0.000000 0.700000
0.389278 0.000000 0.700000
0.388952 0.000000 0.700000
0.388622 0.000000 0.700000
0.388288 0.000000 0.700000
0.387951 0.000000 0.700000
0.387610 0.000000 0.700000
0.387265 0.000000 0.700000
0.386916 0.000000 0.700000
0.386563 0.000000 0.700000
0.386207 0.000000 0.700000
0.385848 0.000000 0.700000
0.385485 0.000000 0.700000
0.385118 0.000000 0.700000
0.384748 0.000000 0.700000
0.384375 0.000000 0.700000
0.383998 0.000000 0.700000
0.383618 0.000000 0.700000
0.383235 0.000000 0.700000
0.382849 0.000000 0.700000
0.382459 0.000000 0.700000
0.382067 0.000000 0.700000
0.381671 0.000000 0.700000
0.381272 0.000000 0.700000
0.380870 0.000000 0.700000
0.380466 0.000000 0.700000
0.380058 0.000000 0.700000
0.379648 0.000000 0.700000
0.379235 0.000000 0.700000
0.378819 0.000000 0.700000
0.378400 0.000000 0.700000
0.377979 0.000000 0.700000
0.377555 0.000000 0.700000
0.377128 0.000000 0.700000
0.376699 0.000000 0.700000
0.376268 0.000000 0.700000
0.375834 0.000000 0.700000
0.375397 0.000000 0.700000
0.374958 0.000000 0.700000
0.374517 0.000000 0.700000
0.374074 0.000000 0.700000
0.373629 0.000000 0.700000
0.373181 0.000000 0.700000
0.372731 0.000000 0.700000
0.372279 0.000000 0.700000
0.371825 0.000000 0.700000
0.371369 0.000000 0.700000
0.370911 0.000000 0.700000
0.370451 0.000000 0.700000
0.369989 0.000000 0.700000
0.369526 0.000000 0.700000
0.369061 0.000000 0.700000
0.368594 0.000000 0.700000
0.368125 0.000000 0.700000
0.367654 0.000000 0.700000
0.367182 0.000000 0.700000
0.366709 0.000000 0.700000
0.366234 0.000000 0.700000
0.365757 0.000000 0.700000
0.365279 0.000000 0.700000
0.364800 0.000000 0.700000
0.364319 0.000000 0.700000
0.363837 0.000000 0.700000
0.363354 0.000000 0.700000
0.362870 0.000000 0.700000
0.362384 0.000000 0.700000
0.361898 0.000000 0.700000
0.361410 0.000000 0.700000
0.360921 0.000000 0.700000
0.360431 0.000000 0.700000
0.359941 0.000000 0.700000
0.359449 0.000000 0.700000
0.358957 0.000000 0.700000
0.358464 0.000000 0.700000
0.357970 0.000000 0.700000
0.357475 0.000000 0.700000
0.356980 0.000000 0.700000
0.356484 0.000000 0.700000
0.355987 0.000000 0.700000
0.355490 0.000000 0.700000
0.354993 0.000000 0.700000
0.354495 0.000000 0.700000
0.353996 0.000000 0.700000
0.353497 0.000000 0.700000
0.352998 0.000000 0.700000
0.352499 0.000000 0.700000
0.352000 0.000000 0.700000
0.351500 0.000000 0.700000
0.351000 0.000000 0.700000
0.350500 0.000000 0.700000
0.350000 0.000000 0.700000
0.349500 0.000000 0.700000
0.349000 0.000000 0.700000
0.348500 0.000000 0.700000
0.348000 0.000000 0.700000
0.347501 0.000000 0.700000
0.347002 0.000000 0.700000
0.346503 0.000000 0.700000
0.346004 0.000000 0.700000
0.345505 0.000000 0.700000
0.345007 0.000000 0.700000
0.344510 0.000000 0.700000
0.344013 0.000000 0.700000
0.343516 0.000000 0.700000
0.343020 0.000000 0.700000
0.342525 0.000000 0.700000
0.342030 0.000000 0.700000
0.341536 0.000000 0.700000
0.341043 0.000000 0.700000
0.340551 0.000000 0.700000
0.340059 0.000000 0.700000
0.339569 0.000000 0.700000
0.339079 0.000000 0.700000
0.338590 0.000000 0.700000
0.338102 0.000000 0.700000
0.337616 0.000000 0.700000
0.337130 0.000000 0.700000
0.336646 0.000000 0.700000
0.336163 0.000000 0.700000
0.335681 0.000000 0.700000
0.335200 0.000000 0.700000
0.334721 0.000000 0.700000
0.334243 0.000000 0.700000
0.333766 0.000000 0.700000
0.333291 0.000000 0.700000
0.332818 0.000000 0.700000
0.332346 0.000000 0.700000
0.331875 0.000000 0.700000
0.331406 0.000000 0.700000
0.330939 0.000000 0.700000
0.330474 0.000000 0.700000
0.330011 0.000000 0.700000
0.329549 0.000000 0.700000
0.329089 0.000000 0.700000
0.328631 0.000000 0.700000
0.328175 0.000000 0.700000
0.327721 0.000000 0.700000
0.327269 0.000000 0.700000
0.326819 0.000000 0.700000
0.326371 0.000000 0.700000
0.325926 0.000000 0.700000
0.325483 0.000000 0.700000
0.325042 0.000000 0.700000
0.324603 0.000000 0.700000
0.324166 0.000000 0.700000
0.323732 0.000000 0.700000
0.323301 0.000000 0.700000
0.322872 0.000000 0.700000
0.322445 0.000000 0.700000
0.322021 0.000000 0.700000
0.321600 0.000000 0.700000
0.321181 0.000000 0.700000
0.320765 0.000000 0.700000
0.320352 0.000000 0.700000
0.319942 0.000000 0.700000
0.319534 0.000000 0.700000
0.319130 0.000000 0.700000
0.318728 0.000000 0.700000
0.318329 0.000000 0.700000
0.317933 0.000000 0.700000
0.317541 0.000000 0.700000
0.317151 0.000000 0.700000
0.316765 0.000000 0.700000
0.316382 0.000000 0.700000
0.316002 0.000000 0.700000
0.315625 0.000000 0.700000
0.315252 0.000000 0.700000
0.314882 0.000000 0.700000
0.314515 0.000000 0.700000
0.314152 0.000000 0.700000
0.313793 0.000000 0.700000
0.313437 0.000000 0.700000
0.313084 0.000000 0.700000
0.312735 0.000000 0.700000
0.312390 0.000000 0.700000
0.312049 0.000000 0.700000
0.311712 0.000000 0.700000
0.311378 0.000000 0.700000
0.311048 0.000000 0.700000
0.310722 0.000000 0.700000
0.310400 0.000000 0.700000
0.310082 0.000000 0.700000
0.309768 0.000000 0.700000
0.309458 0.000000 0.700000
0.309152 0.000000 0.700000
0.308851 0.000000 0.700000
0.308554 0.000000 0.700000
0.308261 0.000000 0.700000
0.307972 0.000000 0.700000
0.307687 0.000000 0.700000
0.307407 0.000000 0.700000
0.307132 0.000000 0.700000
0.306861 0.000000 0.700000
0.306594 0.000000 0.700000
0.306332 0.000000 0.700000
0.306075 0.000000 0.700000
0.305822 0.000000 0.700000
0.305574 0.000000 0.700000
0.305331 0.000000 0.700000
0.305093 0.000000 0.700000
0.304859 0.000000 0.700000
0.304631 0.000000 0.700000
0.304407 0.000000 0.700000
0.304188 0.000000 0.700000
0.303974 0.000000 0.700000
0.303766 0.000000 0.700000
0.303562 0.000000 0.700000
0.303364 0.000000 0.700000
0.303171 0.000000 0.700000
0.302983 0.000000 0.700000
0.302800 0.000000 0.700000
0.302623 0.000000 0.700000
0.302451 0.000000 0.700000
0.302284 0.000000 0.700000
0.302123 0.000000 0.700000
0.301968 0.000000 0.700000
0.301818 0.000000 0.700000
0.301673 0.000000 0.700000
0.301534 0.000000 0.700000
0.301401 0.000000 0.700000
0.301274 0.000000 0.700000
0.301153 0.000000 0.700000
0.301037 0.000000 0.700000
0.300927 0.000000 0.700000
0.300823 0.000000 0.700000
0.300725 0.000000 0.700000
0.300633 0.000000 0.700000
0.300547 0.000000 0.700000
0.300467 0.000000 0.700000
0.300393 0.000000 0.700000
0.300326 0.000000 0.700000
0.300265 0.000000 0.700000
0.300210 0.000000 0.700000
0.300161 0.000000 0.700000
0.300118 0.000000 0.700000
0.300082 0.000000 0.700000
0.300053 0.000000 0.700000
0.300030 0.000000 0.700000
0.300013 0.000000 0.700000
0.300003 0.000000 0.700000
0.300000 0.000000 0.700000
0.300000 0.000031 0.700000
0.300000 0.000125 0.700000
0.300000 0.000281 0.700000
0.300000 0.000498 0.700000
0.299999 0.000777 0.700000
0.299998 0.001116 0.700000
0.299996 0.001515 0.700000
0.299993 0.001975 0.700000
0.299990 0.002494 0.700000
0.299984 0.003072 0.700000
0.299977 0.003708 0.700000
0.299968 0.004403 0.700000
0.299956 0.005156 0.700000
0.299941 0.005966 0.700000
0.299922 0.006832 0.700000
0.299900 0.007756 0.700000
0.299873 0.008735 0.700000
0.299841 0.009770 0.700000
0.299803 0.010860 0.700000
0.299760 0.012005 0.700000
0.299709 0.013204 0.700000
0.299651 0.014456 0.700000
0.299586 0.015762 0.700000
0.299511 0.017121 0.700000
0.299427 0.018532 0.700000
0.299333 0.019995 0.700000
0.299228 0.021510 0.700000
0.299111 0.023075 0.700000
0.298982 0.024690 0.700000
0.298840 0.026355 0.700000
0.298684 0.028070 0.700000
0.298513 0.029833 0.700000
0.298326 0.031644 0.700000
0.298123 0.033503 0.700000
0.297903 0.035409 0.700000
0.297665 0.037361 0.700000
0.297407 0.039358 0.700000
0.297129 0.041401 0.700000
0.296831 0.043489 0.700000
0.296511 0.045620 0.700000
0.296168 0.047794 0.700000
0.295802 0.050011 0.700000
0.295411 0.052269 0.700000
0.294995 0.054569 0.700000
0.294553 0.056909 0.700000
0.294083 0.059288 0.700000
0.293585 0.061706 0.700000
0.293058 0.064162 0.700000
0.292501 0.066655 0.700000
0.291913 0.069185 0.700000
0.291294 0.071750 0.700000
0.290641 0.074349 0.700000
0.289955 0.076983 0.700000
0.289234 0.079649 0.700000
0.288477 0.082347 0.700000
0.287684 0.085076 0.700000
0.286853 0.087835 0.700000
0.285985 0.090624 0.700000
0.285077 0.093440 0.700000
0.284129 0.096283 0.700000
0.283141 0.099152 0.700000
0.282111 0.102046 0.700000
0.281038 0.104964 0.700000
0.279922 0.107905 0.700000
0.278762 0.110867 0.700000
0.277558 0.113850 0.700000
0.276307 0.116852 0.700000
0.275010 0.119872 0.700000
0.273666 0.122909 0.700000
0.272275 0.125962 0.700000
0.270834 0.129030 0.700000
0.269345 0.132110 0.700000
0.267806 0.135203 0.700000
0.266217 0.138306 0.700000
0.264576 0.141419 0.700000
0.262884 0.144540 0.700000
0.261140 0.147667 0.700000
0.259344 0.150800 0.700000
0.257494 0.153937 0.700000
0.255591 0.157077 0.700000
0.253634 0.160218 0.700000
0.251623 0.163358 0.700000
0.249557 0.166498 0.700000
0.247436 0.169634 0.700000
0.245259 0.172766 0.700000
0.243027 0.175892 0.700000
0.240739 0.179010 0.700000
0.238395 0.182120 0.700000
0.235995 0.185220 0.700000
0.233539 0.188307 0.700000
0.231026 0.191382 0.700000
0.228456 0.194442 0.700000
0.225831 0.197486 0.700000
0.223148 0.200512 0.700000
0.220409 0.203518 0.700000
0.217614 0.206505 0.700000
0.214763 0.209468 0.700000
0.211855 0.212409 0.700000
0.208892 0.215324 0.700000
0.205872 0.218212 0.700000
0.202798 0.221072 0.700000
0.199669 0.223903 0.700000
0.196484 0.226702 0.700000
0.193246 0.229469 0.700000
0.189953 0.232202 0.700000
0.186608 0.234899 0.700000
0.183209 0.237559 0.700000
0.179758 0.240181 0.700000
0.176255 0.242763 0.700000
0.172701 0.245304 0.700000
0.169097 0.247803 0.700000
0.165443 0.250257 0.700000
0.161740 0.252666 0.700000
0.157988 0.255029 0.700000
0.154190 0.257343 0.700000
0.150344 0.259609 0.700000
0.146453 0.261823 0.700000
0.142517 0.263986 0.700000
0.138538 0.266097 0.700000
0.134515 0.268152 0.700000
0.130451 0.270153 0.700000
0.126345 0.272097 0.700000
0.122201 0.273984 0.700000
0.118017 0.275811 0.700000
0.113796 0.277579 0.700000
0.109539 0.279287 0.700000
0.105247 0.280932 0.700000
0.100922 0.282515 0.700000
0.096563 0.284034 0.700000
0.092174 0.285489 0.700000
0.087754 0.286878 0.700000
0.083306 0.288201 0.700000
0.078831 0.289458 0.700000
0.074330 0.290646 0.700000
0.069804 0.291766 0.700000
0.065256 0.292817 0.700000
0.060686 0.293798 0.700000
0.056096 0.294709 0.700000
0.051487 0.295549 0.700000
0.046861 0.296317 0.700000
0.042220 0.297014 0.700000
0.037565 0.297639 0.700000
0.032896 0.298191 0.700000
0.028217 0.298670 0.700000
0.023529 0.299076 0.700000
0.018833 0.299408 0.700000
0.014130 0.299667 0.700000
0.009423 0.299852 0.700000
0.004712 0.299963 0.700000
-0.000000 0.300000 0.700000
-0.004712 0.299963 0.700000
-0.009423 0.299852 0.700000
-0.014130 0.299667 0.700000
-0.018833 0.299408 0.700000
-0.023529 0.299076 0.700000
-0.028217 0.298670 0.700000
-0.032896 0.298191 0.700000
-0.037565 0.297639 0.700000
-0.042220 0.297014 0.700000
-0.046861 0.296317 0.700000
-0.051487 0.295549 0.700000
-0.056096 0.294709 0.700000
-0.060686 0.293798 0.700000
-0.065256 0.292817 0.700000
-0.069804 0.291766 0.700000
-0.074330 0.290646 0.700000
-0.078831 0.289458 0.700000
-0.083306 0.288201 0.700000
-0.087754 0.286878 0.700000
-0.092174 0.285489 0.700000
-0.096563 0.284034 0.700000
-0.100922 0.282515 0.700000
-0.105247 0.280932 0.700000
-0.109539 0.279287 0.700000
-0.113796 0.277579 0.700000
-0.118017 0.275811 0.700000
-0.122201 0.273984 0.700000
-0.126345 0.272097 0.700000
-0.130451 0.270153 0.700000
-0.134515 0.268152 0.700000
-0.138538 0.266097 0.700000
-0.142517 0.263986 0.700000
-0.146453 0.261823 0.700000
-0.150344 0.259609 0.700000
-0.154190 0.257343 0.700000
-0.157988 0.255029 0.700000
-0.161740 0.252666 0.700000
-0.165443 0.250257 0.700000
-0.169097 0.247803 0.700000
-0.172701 0.245304 0.700000
-0.176255 0.242763 0.700000
-0.179758 0.240181 0.700000
-0.183209 0.237559 0.700000
-0.186608 0.234899 0.700000
-0.189953 0.232202 0.700000
-0.193246 0.229469 0.700000
-0.196484 0.226702 0.700000
-0.199669 0.223903 0.700000
-0.202798 0.221072 0.700000
-0.205872 0.218212 0.700000
-0.208892 0.215324 0.700000
-0.211855 0.212409 0.700000
-0.214763 0.209468 0.700000
-0.217614 0.206505 0.700000
-0.220409 0.203518 0.700000
-0.223148 0.200512 0.700000
-0.225831 0.197486 0.700000
-0.228456 0.194442 0.700000
-0.231026 0.191382 0.700000
-0.233539 0.188307 0.700000
-0.235995 0.185220 0.700000
-0.238395 0.182120 0.700000
-0.240739 0.179010 0.700000
-0.243027 0.175892 0.700000
-0.245259 0.172766 0.700000
-0.247436 0.169634 0.700000
-0.249557 0.166498 0.700000
-0.251623 0.163358 0.700000
-0.253634 0.160218 0.700000
-0.255591 0.157077 0.700000
-0.257494 0.153937 0.700000
-0.259344 0.150800 0.700000
-0.261140 0.147667 0.700000
-0.262884 0.144540 0.700000
-0.264576 0.141419 0.700000
-0.266217 0.138306 0.700000
-0.267806 0.135203 0.700000
-0.269345 0.132110 0.700000
-0.270834 0.129030 0.700000
-0.272275 0.125962 0.700000
-0.273666 0.122909 0.700000
-0.275010 0.119872 0.700000
-0.276307 0.116852 0.700000
-0.277558 0.113850 0.700000
-0.278762 0.110867 0.700000
-0.279922 0.107905 0.700000
-0.281038 0.104964 0.700000
-0.282111 0.102046 0.700000
-0.283141 0.099152 0.700000
-0.284129 0.096283 0.700000
-0.285077 0.093440 0.700000
-0.285985 0.090624 0.700000
-0.286853 0.087835 0.700000
-0.287684 0.085076 0.700000
-0.288477 0.082347 0.700000
-0.289234 0.079649 0.700000
-0.289955 0.076983 0.700000
-0.290641 0.074349 0.700000
-0.291294 0.071750 0.700000
-0.291913 0.069185 0.700000
-0.292501 0.066655 0.700000
-0.293058 0.064162 0.700000
-0.293585 0.061706 0.700000
-0.294083 0.059288 0.700000
-0.294553 0.056909 0.700000
-0.294995 0.054569 0.700000
-0.295411 0.052269 0.700000
-0.295802 0.050011 0.700000
-0.296168 0.047794 0.700000
-0.296511 0.045620 0.700000
-0.296831 0.043489 0.700000
-0.297129 0.041401 0.700000
-0.297407 0.039358 0.700000
-0.297665 0.037361 0.700000
-0.297903 0.035409 0.700000
-0.298123 0.033503 0.700000
-0.298326 0.031644 0.700000
-0.298513 0.029833 0.700000
-0.298684 0.028070 0.700000
-0.298840 0.026355 0.700000
-0.298982 0.024690 0.700000
-0.299111 0.023075 0.700000
-0.299228 0.021510 0.700000
-0.299333 0.019995 0.700000
-0.299427 0.018532 0.700000
-0.299511 0.017121 0.700000
-0.299586 0.015762 0.700000
-0.299651 0.014456 0.700000
-0.299709 0.013204 0.700000
-0.299760 0.012005 0.700000
-0.299803 0.010860 0.700000
-0.299841 0.009770 0.700000
-0.299873 0.008735 0.700000
-0.299900 0.007756 0.700000
-0.299922 0.006832 0.700000
-0.299941 0.005966 0.700000
-0.299956 0.005156 0.700000
-0.299968 0.004403 0.700000
-0.299977 0.003708 0.700000
-0.299984 0.003072 0.700000
-0.299990 0.002494 0.700000
-0.299993 0.001975 0.700000
-0.299996 0.001515 0.700000
-0.299998 0.001116 0.700000
-0.299999 0.000777 0.700000
-0.300000 0.000498 0.700000
-0.300000 0.000281 0.700000
-0.300000 0.000125 0.700000
-0.300000 0.000031 0.700000
-0.300000 0.000000 0.700000
-0.300003 0.000000 0.700000
-0.300013 0.000000 0.700000
-0.300030 0.000000 0.700000
-0.300053 0.000000 0.700000
-0.300082 0.000000 0.700000
-0.300118 0.000000 0.700000
-0.300161 0.000000 0.700000
-0.300210 0.000000 0.700000
-0.300265 0.000000 0.700000
-0.300326 0.000000 0.700000
-0.300393 0.000000 0.700000
-0.300467 0.000000 0.700000
-0.300547 0.000000 0.700000
-0.300633 0.000000 0.700000
-0.300725 0.000000 0.700000
-0.300823 0.000000 0.700000
-0.300927 0.000000 0.700000
-0.301037 0.000000 0.700000
-0.301153 0.000000 0.700000
-0.301274 0.000000 0.700000
-0.301401 0.000000 0.700000
-0.301534 0.000000 0.700000
-0.301673 0.000000 0.700000
-0.301818 0.000000 0.700000
-0.301968 0.000000 0.700000
-0.302123 0.000000 0.700000
-0.302284 0.000000 0.700000
-0.302451 0.000000 0.700000
-0.302623 0.000000 0.700000
-0.302800 0.000000 0.700000
-0.302983 0.000000 0.700000
-0.303171 0.000000 0.700000
-0.303364 0.000000 0.700000
-0.303562 0.000000 0.700000
-0.303766 0.000000 0.700000
-0.303974 0.000000 0.700000
-0.304188 0.000000 0.700000
-0.304407 0.000000 0.700000
-0.304631 0.000000 0.700000
-0.304859 0.000000 0.700000
-0.305093 0.000000 0.700000
-0.305331 0.000000 0.700000
-0.305574 0.000000 0.700000
-0.305822 0.000000 0.700000
-0.306075 0.000000 0.700000
-0.306332 0.000000 0.700000
-0.306594 0.000000 0.700000
-0.306861 0.000000 0.700000
-0.307132 0.000000 0.700000
-0.307407 0.000000 0.700000
-0.307687 0.000000 0.700000
-0.307972 0.000000 0.700000
-0.308261 0.000000 0.700000
-0.308554 0.000000 0.700000
-0.308851 0.000000 0.700000
-0.309152 0.000000 0.700000
-0.309458 0.000000 0.700000
-0.309768 0.000000 0.700000
-0.310082 0.000000 0.700000
-0.310400 0.000000 0.700000
-0.310722 0.000000 0.700000
-0.311048 0.000000 0.700000
-0.311378 0.000000 0.700000
-0.311712 0.000000 0.700000
-0.312049 0.000000 0.700000
-0.312390 0.000000 0.700000
-0.312735 0.000000 0.700000
-0.313084 0.000000 0.700000
-0.313437 0.000000 0.700000
-0.313793 0.000000 0.700000
-0.314152 0.000000 0.700000
-0.314515 0.000000 0.700000
-0.314882 0.000000 0.700000
-0.315252 0.000000 0.700000
-0.315625 0.000000 0.700000
-0.316002 0.000000 0.700000
-0.316382 0.000000 0.700000
-0.316765 0.000000 0.700000
-0.317151 0.000000 0.700000
-0.317541 0.000000 0.700000
-0.317933 0.000000 0.700000
-0.318329 0.000000 0.700000
-0.318728 0.000000 0.700000
-0.319130 0.000000 0.700000
-0.319534 0.000000 0.700000
-0.319942 0.000000 0.700000
-0.320352 0.000000 0.700000
-0.320765 0.000000 0.700000
-0.321181 0.000000 0.700000
-0.321600 0.000000 0.700000
-0.322021 0.000000 0.700000
-0.322445 0.000000 0.700000
-0.322872 0.000000 0.700000
-0.323301 0.000000 0.700000
-0.323732 0.000000 0.700000
-0.324166 0.000000 0.700000
-0.324603 0.000000 0.700000
-0.325042 0.000000 0.700000
-0.325483 0.000000 0.700000
-0.325926 0.000000 0.700000
-0.326371 0.000000 0.700000
-0.326819 0.000000 0.700000
-0.327269 0.000000 0.700000
-0.327721 0.000000 0.700000
-0.328175 0.000000 0.700000
-0.328631 0.000000 0.700000
-0.329089 0.000000 0.700000
-0.329549 0.000000 0.700000
-0.330011 0.000000 0.700000
-0.330474 0.000000 0.700000
-0.330939 0.000000 0.700000
-0.331406 0.000000 0.700000
-0.331875 0.000000 0.700000
-0.332346 0.000000 0.700000
-0.332818 0.000000 0.700000
-0.333291 0.000000 0.700000
-0.333766 0.000000 0.700000
-0.334243 0.000000 0.700000
-0.334721 0.000000 0.700000
-0.335200 0.000000 0.700000
-0.335681 0.000000 0.700000
-0.336163 0.000000 0.700000
-0.336646 0.000000 0.700000
-0.337130 0.000000 0.700000
-0.337616 0.000000 0.700000
-0.338102 0.000000 0.700000
-0.338590 0.000000 0.700000
-0.339079 0.000000 0.700000
-0.339569 0.000000 0.700000
-0.340059 0.000000 0.700000
-0.340551 0.000000 0.700000
-0.341043 0.000000 0.700000
-0.341536 0.000000 0.700000
-0.342030 0.000000 0.700000
-0.342525 0.000000 0.700000
-0.343020 0.000000 0.700000
-0.343516 0.000000 0.700000
-0.344013 0.000000 0.700000
-0.344510 0.000000 0.700000
-0.345007 0.000000 0.700000
-0.345505 0.000000 0.700000
-0.346004 0.000000 0.700000
-0.346503 0.000000 0.700000
-0.347002 0.000000 0.700000
-0.347501 0.000000 0.700000
-0.348000 0.000000 0.700000
-0.348500 0.000000 0.700000
-0.349000 0.000000 0.700000
-0.349500 0.000000 0.700000
-0.350000 0.000000 0.700000
-0.350500 0.000000 0.700000
-0.351000 0.000000 0.700000
-0.351500 0.000000 0.700000
-0.352000 0.000000 0.700000
-0.352499 0.000000 0.700000
-0.352998 0.000000 0.700000
-0.353497 0.000000 0.700000
-0.353996 0.000000 0.700000
-0.354495 0.000000 0.700000
-0.354993 0.000000 0.700000
-0.355490 0.000000 0.700000
-0.355987 0.000000 0.700000
-0.356484 0.000000 0.700000
-0.356980 0.000000 0.700000
-0.357475 0.000000 0.700000
-0.357970 0.000000 0.700000
-0.358464 0.000000 0.700000
-0.358957 0.000000 0.700000
-0.359449 0.000000 0.700000
-0.359941 0.000000 0.700000
-0.360431 0.000000 0.700000
-0.360921 0.000000 0.700000
-0.361410 0.000000 0.700000
-0.361898 0.000000 0.700000
-0.362384 0.000000 0.700000
-0.362870 0.000000 0.700000
-0.363354 0.000000 0.700000
-0.363837 0.000000 0.700000
-0.364319 0.000000 0.700000
-0.364800 0.000000 0.700000
-0.365279 0.000000 0.700000
-0.365757 0.000000 0.700000
-0.366234 0.000000 0.700000
-0.366709 0.000000 0.700000
-0.367182 0.000000 0.700000
-0.367654 0.000000 0.700000
-0.368125 0.000000 0.700000
-0.368594 0.000000 0.700000
-0.369061 0.000000 0.700000
-0.369526 0.000000 0.700000
-0.369989 0.000000 0.700000
-0.370451 0.000000 0.700000
-0.370911 0.000000 0.700000
-0.371369 0.000000 0.700000
-0.371825 0.000000 0.700000
-0.372279 0.000000 0.700000
-0.372731 0.000000 0.700000
-0.373181 0.000000 0.700000
-0.373629 0.000000 0.700000
-0.374074 0.000000 0.700000
-0.374517 0.000000 0.700000
-0.374958 0.000000 0.700000
-0.375397 0.000000 0.700000
-0.375834 0.000000 0.700000
-0.376268 0.000000 0.700000
-0.376699 0.000000 0.700000
-0.377128 0.000000 0.700000
-0.377555 0.000000 0.700000
-0.377979 0.000000 0.700000
-0.378400 0.000000 0.700000
-0.378819 0.000000 0.700000
-0.379235 0.000000 0.700000
-0.379648 0.000000 0.700000
-0.380058 0.000000 0.700000
-0.380466 0.000000 0.700000
-0.380870 0.000000 0.700000
-0.381272 0.000000 0.700000
-0.381671 0.000000 0.700000
-0.382067 0.000000 0.700000
-0.382459 0.000000 0.700000
-0.382849 0.000000 0.700000
-0.383235 0.000000 0.700000
-0.383618 0.000000 0.700000
-0.383998 0.000000 0.700000
-0.384375 0.000000 0.700000
-0.384748 0.000000 0.700000
-0.385118 0.000000 0.700000
-0.385485 0.000000 0.700000
-0.385848 0.000000 0.700000
-0.386207 0.000000 0.700000
-0.386563 0.000000 0.700000
-0.386916 0.000000 0.700000
-0.387265 0.000000 0.700000
-0.387610 0.000000 0.700000
-0.387951 0.000000 0.700000
-0.388288 0.000000 0.700000
-0.388622 0.000000 0.700000
-0.388952 0.000000 0.700000
-0.389278 0.000000 0.700000
-0.389600 0.000000 0.700000
-0.389918 0.000000 0.700000
-0.390232 0.000000 0.700000
-0.390542 0.000000 0.700000
-0.390848 0.000000 0.700000
-0.391149 0.000000 0.700000
-0.391446 0.000000 0.700000
-0.391739 0.000000 0.700000
-0.392028 0.000000 0.700000
-0.392313 0.000000 0.700000
-0.392593 0.000000 0.700000
-0.392868 0.000000 0.700000
-0.393139 0.000000 0.700000
-0.393406 0.000000 0.700000
-0.393668 0.000000 0.700000
-0.393925 0.000000 0.700000
-0.394178 0.000000 0.700000
-0.394426 0.000000 0.700000
-0.394669 0.000000 0.700000
-0.394907 0.000000 0.700000
-0.395141 0.000000 0.700000
-0.395369 0.000000 0.700000
-0.395593 0.000000 0.700000
-0.395812 0.000000 0.700000
-0.396026 0.000000 0.700000
-0.396234 0.000000 0.700000
-0.396438 0.000000 0.700000
-0.396636 0.000000 0.700000
-0.396829 0.000000 0.700000
-0.397017 0.000000 0.700000
-0.397200 0.000000 0.700000
-0.397377 0.000000 0.700000
-0.397549 0.000000 0.700000
-0.397716 0.000000 0.700000
-0.397877 0.000000 0.700000
-0.398032 0.000000 0.700000
-0.398182 0.000000 0.700000
-0.398327 0.000000 0.700000
-0.398466 0.000000 0.700000
-0.398599 0.000000 0.700000
-0.398726 0.000000 0.700000
-0.398847 0.000000 0.700000
-0.398963 0.000000 0.700000
-0.399073 0.000000 0.700000
-0.399177 0.000000 0.700000
-0.399275 0.000000 0.700000
-0.399367 0.000000 0.700000
-0.399453 0.000000 0.700000
-0.399533 0.000000 0.700000
-0.399607 0.000000 0.700000
-0.399674 0.000000 0.700000
-0.399735 0.000000 0.700000
-0.399790 0.000000 0.700000
-0.399839 0.000000 0.700000
-0.399882 0.000000 0.700000
-0.399918 0.000000 0.700000
-0.399947 0.000000 0.700000
-0.399970 0.000000 0.700000
-0.399987 0.000000 0.700000
-0.399997 0.000000 0.700000
-0.400000 0.000000 0.700000
-0.399997 0.000010 0.699997
-0.399987 0.000040 0.699987
-0.399970 0.000089 0.699970
-0.399947 0.000159 0.699947
-0.399918 0.000247 0.699918
-0.399882 0.000355 0.699882
-0.399839 0.000482 0.699839
-0.399790 0.000629 0.699790
-0.399735 0.000794 0.699735
-0.399674 0.000978 0.699674
-0.399607 0.001180 0.699607
-0.399533 0.001402 0.699533
-0.399453 0.001641 0.699453
-0.399367 0.001899 0.699367
-0.399275 0.002175 0.699275
-0.399177 0.002469 0.699177
-0.399073 0.002781 0.699073
-0.398963 0.003110 0.698963
-0.398847 0.003458 0.698847
-0.398726 0.003822 0.698726
-0.398599 0.004204 0.698599
-0.398466 0.004603 0.698466
-0.398327 0.005020 0.698327
-0.398182 0.005453 0.698182
-0.398032 0.005903 0.698032
-0.397877 0.006369 0.697877
-0.397716 0.006853 0.697716
-0.397549 0.007352 0.697549
-0.397377 0.007868 0.697377
-0.397200 0.008400 0.697200
-0.397017 0.008948 0.697017
-0.396829 0.009512 0.696829
-0.396636 0.010091 0.696636
-0.396438 0.010687 0.696438
-0.396234 0.011297 0.696234
-0.396026 0.011923 0.696026
-0.395812 0.012564 0.695812
-0.395593 0.013221 0.695593
-0.395369 0.013892 0.695369
-0.395141 0.014578 0.695141
-0.394907 0.015278 0.694907
-0.394669 0.015994 0.694669
-0.394426 0.016723 0.694426
-0.394178 0.017467 0.694178
-0.393925 0.018225 0.693925
-0.393668 0.018997 0.693668
-0.393406 0.019783 0.693406
-0.393139 0.020582 0.693139
-0.392868 0.021396 0.692868
-0.392593 0.022222 0.692593
-0.392313 0.023062 0.692313
-0.392028 0.023915 0.692028
-0.391739 0.024782 0.691739
-0.391446 0.025661 0.691446
-0.391149 0.026553 0.691149
-0.390848 0.027457 0.690848
-0.390542 0.028375 0.690542
-0.390232 0.029304 0.690232
-0.389918 0.030246 0.689918
-0.389600 0.031200 0.689600
-0.389278 0.032166 0.689278
-0.388952 0.033144 0.688952
-0.388622 0.034133 0.688622
-0.388288 0.035135 0.688288
-0.387951 0.036147 0.687951
-0.387610 0.037171 0.687610
-0.387265 0.038206 0.687265
-0.386916 0.039253 0.686916
-0.386563 0.040310 0.686563
-0.386207 0.041378 0.686207
-0.385848 0.042456 0.685848
-0.385485 0.043546 0.685485
-0.385118 0.044645 0.685118
-0.384748 0.045755 0.684748
-0.384375 0.046875 0.684375
-0.383998 0.048005 0.683998
-0.383618 0.049145 0.683618
-0.383235 0.050294 0.683235
-0.382849 0.051454 0.682849
-0.382459 0.052622 0.682459
-0.382067 0.053800 0.682067
-0.381671 0.054987 0.681671
-0.381272 0.056184 0.681272
-0.380870 0.057389 0.680870
-0.380466 0.058603 0.680466
-0.380058 0.059825 0.680058
-0.379648 0.061057 0.679648
-0.379235 0.062296 0.679235
-0.378819 0.063544 0.678819
-0.378400 0.064800 0.678400
-0.377979 0.066064 0.677979
-0.377555 0.067336 0.677555
-0.377128 0.068615 0.677128
-0.376699 0.069903 0.676699
-0.376268 0.071197 0.676268
-0.375834 0.072499 0.675834
-0.375397 0.073808 0.675397
-0.374958 0.075125 0.674958
-0.374517 0.076448 0.674517
-0.374074 0.077778 0.674074
-0.373629 0.079114 0.673629
-0.373181 0.080458 0.673181
-0.372731 0.081807 0.672731
-0.372279 0.083163 0.672279
-0.371825 0.084525 0.671825
-0.371369 0.085893 0.671369
-0.370911 0.087267 0.670911
-0.370451 0.088646 0.670451
-0.369989 0.090032 0.669989
-0.369526 0.091422 0.669526
-0.369061 0.092818 0.669061
-0.368594 0.094219 0.668594
-0.368125 0.095626 0.668125
-0.367654 0.097037 0.667654
-0.367182 0.098453 0.667182
-0.366709 0.099873 0.666709
-0.366234 0.101299 0.666234
-0.365757 0.102728 0.665757
-0.365279 0.104162 0.665279
-0.364800 0.105600 0.664800
-0.364319 0.107042 0.664319
-0.363837 0.108488 0.663837
-0.363354 0.109937 0.663354
-0.362870 0.111391 0.662870
-0.362384 0.112847 0.662384
-0.361898 0.114307 0.661898
-0.361410 0.115770 0.661410
-0.360921 0.117237 0.660921
-0.360431 0.118706 0.660431
-0.359941 0.120178 0.659941
-0.359449 0.121652 0.659449
-0.358957 0.123130 0.658957
-0.358464 0.124609 0.658464
-0.357970 0.126091 0.657970
-0.357475 0.127575 0.657475
-0.356980 0.129061 0.656980
-0.356484 0.130549 0.656484
-0.355987 0.132038 0.655987
-0.355490 0.133530 0.655490
-0.354993 0.135022 0.654993
-0.354495 0.136516 0.654495
-0.353996 0.138011 0.653996
-0.353497 0.139508 0.653497
-0.352998 0.141005 0.652998
-0.352499 0.142503 0.652499
-0.352000 0.144001 0.652000
-0.351500 0.145501 0.651500
-0.351000 0.147000 0.651000
-0.350500 0.148500 0.650500
-0.350000 0.150000 0.650000
-0.349500 0.151500 0.649500
-0.349000 0.153000 0.649000
-0.348500 0.154499 0.648500
-0.348000 0.155999 0.648000
-0.347501 0.157497 0.647501
-0.347002 0.158995 0.647002
-0.346503 0.160492 0.646503
-0.346004 0.161989 0.646004
-0.345505 0.163484 0.645505
-0.345007 0.164978 0.645007
-0.344510 0.166470 0.644510
-0.344013 0.167962 0.644013
-0.343516 0.169451 0.643516
-0.343020 0.170939 0.643020
-0.342525 0.172425 0.642525
-0.342030 0.173909 0.642030
-0.341536 0.175391 0.641536
-0.341043 0.176870 0.641043
-0.340551 0.178348 0.640551
-0.340059 0.179822 0.640059
-0.339569 0.181294 0.639569
-0.339079 0.182763 0.639079
-0.338590 0.184230 0.638590
-0.338102 0.185693 0.638102
-0.337616 0.187153 0.637616
-0.337130 0.188609 0.637130
-0.336646 0.190063 0.636646
-0.336163 0.191512 0.636163
-0.335681 0.192958 0.635681
-0.335200 0.194400 0.635200
-0.334721 0.195838 0.634721
-0.334243 0.197272 0.634243
-0.333766 0.198701 0.633766
-0.333291 0.200127 0.633291
-0.332818 0.201547 0.632818
-0.332346 0.202963 0.632346
-0.331875 0.204374 0.631875
-0.331406 0.205781 0.631406
-0.330939 0.207182 0.630939
-0.330474 0.208578 0.630474
-0.330011 0.209968 0.630011
-0.329549 0.211354 0.629549
-0.329089 0.212733 0.629089
-0.328631 0.214107 0.628631
-0.328175 0.215475 0.628175
-0.327721 0.216837 0.627721
-0.327269 0.218193 0.627269
-0.326819 0.219542 0.626819
-0.326371 0.220886 0.626371
-0.325926 0.222222 0.625926
-0.325483 0.223552 0.625483
-0.325042 0.224875 0.625042
-0.324603 0.226192 0.624603
-0.324166 0.227501 0.624166
-0.323732 0.228803 0.623732
-0.323301 0.230097 0.623301
-0.322872 0.231385 0.622872
-0.322445 0.232664 0.622445
-0.322021 0.233936 0.622021
-0.321600 0.235200 0.621600
-0.321181 0.236456 0.621181
-0.320765 0.237704 0.620765
-0.320352 0.238943 0.620352
-0.319942 0.240175 0.619942
-0.319534 0.241397 0.619534
-0.319130 0.242611 0.619130
-0.318728 0.243816 0.618728
-0.318329 0.245013 0.618329
-0.317933 0.246200 0.617933
-0.317541 0.247378 0.617541
-0.317151 0.248546 0.617151
-0.316765 0.249706 0.616765
-0.316382 0.250855 0.616382
-0.316002 0.251995 0.616002
-0.315625 0.253125 0.615625
-0.315252 0.254245 0.615252
-0.314882 0.255355 0.614882
-0.314515 0.256454 0.614515
-0.314152 0.257544 0.614152
-0.313793 0.258622 0.613793
-0.313437 0.259690 0.613437
-0.313084 0.260747 0.613084
-0.312735 0.261794 0.612735
-0.312390 0.262829 0.612390
-0.312049 0.263853 0.612049
-0.311712 0.264865 0.611712
-0.311378 0.265867 0.611378
-0.311048 0.266856 0.611048
-0.310722 0.267834 0.610722
-0.310400 0.268800 0.610400
-0.310082 0.269754 0.610082
-0.309768 0.270696 0.609768
-0.309458 0.271625 0.609458
-0.309152 0.272543 0.609152
-0.308851 0.273447 0.608851
-0.308554 0.274339 0.608554
-0.308261 0.275218 0.608261
-0.307972 0.276085 0.607972
-0.307687 0.276938 0.607687
-0.307407 0.277778 0.607407
-0.307132 0.278604 0.607132
-0.306861 0.279418 0.606861
-0.306594 0.280217 0.606594
-0.306332 0.281003 0.606332
-0.306075 0.281775 0.606075
-0.305822 0.282533 0.605822
-0.305574 0.283277 0.605574
-0.305331 0.284006 0.605331
-0.305093 0.284722 0.605093
-0.304859 0.285422 0.604859
-0.304631 0.286108 0.604631
-0.304407 0.286779 0.604407
-0.304188 0.287436 0.604188
-0.303974 0.288077 0.603974
-0.303766 0.288703 0.603766
-0.303562 0.289313 0.603562
-0.303364 0.289909 0.603364
-0.303171 0.290488 0.603171
-0.302983 0.291052 0.602983
-0.302800 0.291600 0.602800
-0.302623 0.292132 0.602623
-0.302451 0.292648 0.602451
-0.302284 0.293147 0.602284
-0.302123 0.293631 0.602123
-0.301968 0.294097 0.601968
-0.301818 0.294547 0.601818
-0.301673 0.294980 0.601673
-0.301534 0.295397 0.601534
-0.301401 0.295796 0.601401
-0.301274 0.296178 0.601274
-0.301153 0.296542 0.601153
-0.301037 0.296890 0.601037
-0.300927 0.297219 0.600927
-0.300823 0.297531 0.600823
-0.300725 0.297825 0.600725
-0.300633 0.298101 0.600633
-0.300547 0.298359 0.600547
-0.300467 0.298598 0.600467
-0.300393 0.298820 0.600393
-0.300326 0.299022 0.600326
-0.300265 0.299206 0.600265
-0.300210 0.299371 0.600210
-0.300161 0.299518 0.600161
-0.300118 0.299645 0.600118
-0.300082 0.299753 0.600082
-0.300053 0.299841 0.600053
-0.300030 0.299911 0.600030
-0.300013 0.299960 0.600013
-0.300003 0.299990 0.600003
-0.300000 0.300000 0.600000
-0.299980 0.300000 0.600000
-0.299920 0.300000 0.600000
-0.299821 0.300000 0.600000
-0.299683 0.300000 0.600000
-0.299506 0.300000 0.600000
-0.299290 0.300000 0.600000
-0.299035 0.300000 0.600000
-0.298743 0.300000 0.600000
-0.298412 0.300000 0.600000
-0.298044 0.300000 0.600000
-0.297639 0.300000 0.600000
-0.297197 0.300000 0.600000
-0.296718 0.300000 0.600000
-0.296202 0.300000 0.600000
-0.295650 0.300000 0.600000
-0.295062 0.300000 0.600000
-0.294438 0.300000 0.600000
-0.293779 0.300000 0.600000
-0.293085 0.300000 0.600000
-0.292356 0.300000 0.600000
-0.291592 0.300000 0.600000
-0.290793 0.300000 0.600000
-0.289961 0.300000 0.600000
-0.289094 0.300000 0.600000
-0.288194 0.300000 0.600000
-0.287261 0.300000 0.600000
-0.286295 0.300000 0.600000
-0.285296 0.300000 0.600000
-0.284264 0.300000 0.600000
-0.283200 0.300000 0.600000
-0.282104 0.300000 0.600000
-0.280976 0.300000 0.600000
-0.279817 0.300000 0.600000
-0.278627 0.300000 0.600000
-0.277406 0.300000 0.600000
-0.276154 0.300000 0.600000
-0.274871 0.300000 0.600000
-0.273559 0.300000 0.600000
-0.272216 0.300000 0.600000
-0.270844 0.300000 0.600000
-0.269443 0.300000 0.600000
-0.268013 0.300000 0.600000
-0.266554 0.300000 0.600000
-0.265066 0.300000 0.600000
-0.263550 0.300000 0.600000
-0.262006 0.300000 0.600000
-0.260434 0.300000 0.600000
-0.258835 0.300000 0.600000
-0.257209 0.300000 0.600000
-0.255556 0.300000 0.600000
-0.253876 0.300000 0.600000
-0.252169 0.300000 0.600000
-0.250437 0.300000 0.600000
-0.248678 0.300000 0.600000
-0.246894 0.300000 0.600000
-0.245085 0.300000 0.600000
-0.243251 0.300000 0.600000
-0.241392 0.300000 0.600000
-0.239508 0.300000 0.600000
-0.237600 0.300000 0.600000
-0.235668 0.300000 0.600000
-0.233712 0.300000 0.600000
-0.231733 0.300000 0.600000
-0.229731 0.300000 0.600000
-0.227706 0.300000 0.600000
-0.225658 0.300000 0.600000
-0.223587 0.300000 0.600000
-0.221495 0.300000 0.600000
-0.219380 0.300000 0.600000
-0.217244 0.300000 0.600000
-0.215087 0.300000 0.600000
-0.212909 0.300000 0.600000
-0.210710 0.300000 0.600000
-0.208490 0.300000 0.600000
-0.206250 0.300000 0.600000
-0.203990 0.300000 0.600000
-0.201710 0.300000 0.600000
-0.199411 0.300000 0.600000
-0.197093 0.300000 0.600000
-0.194756 0.300000 0.600000
-0.192400 0.300000 0.600000
-0.190025 0.300000 0.600000
-0.187633 0.300000 0.600000
-0.185222 0.300000 0.600000
-0.182794 0.300000 0.600000
-0.180349 0.300000 0.600000
-0.177887 0.300000 0.600000
-0.175408 0.300000 0.600000
-0.172912 0.300000 0.600000
-0.170400 0.300000 0.600000
-0.167872 0.300000 0.600000
-0.165328 0.300000 0.600000
-0.162769 0.300000 0.600000
-0.160195 0.300000 0.600000
-0.157606 0.300000 0.600000
-0.155002 0.300000 0.600000
-0.152383 0.300000 0.600000
-0.149751 0.300000 0.600000
-0.147104 0.300000 0.600000
-0.144444 0.300000 0.600000
-0.141771 0.300000 0.600000
-0.139085 0.300000 0.600000
-0.136386 0.300000 0.600000
-0.133674 0.300000 0.600000
-0.130950 0.300000 0.600000
-0.128214 0.300000 0.600000
-0.125466 0.300000 0.600000
-0.122707 0.300000 0.600000
-0.119937 0.300000 0.600000
-0.117156 0.300000 0.600000
-0.114364 0.300000 0.600000
-0.111561 0.300000 0.600000
-0.108749 0.300000 0.600000
-0.105926 0.300000 0.600000
-0.103094 0.300000 0.600000
-0.100253 0.300000 0.600000
-0.097403 0.300000 0.600000
-0.094544 0.300000 0.600000
-0.091676 0.300000 0.600000
-0.088800 0.300000 0.600000
-0.085916 0.300000 0.600000
-0.083024 0.300000 0.600000
-0.080125 0.300000 0.600000
-0.077219 0.300000 0.600000
-0.074306 0.300000 0.600000
-0.071386 0.300000 0.600000
-0.068459 0.300000 0.600000
-0.065527 0.300000 0.600000
-0.062588 0.300000 0.600000
-0.059644 0.300000 0.600000
-0.056695 0.300000 0.600000
-0.053741 0.300000 0.600000
-0.050782 0.300000 0.600000
-0.047818 0.300000 0.600000
-0.044850 0.300000 0.600000
-0.041878 0.300000 0.600000
-0.038902 0.300000 0.600000
-0.035923 0.300000 0.600000
-0.032941 0.300000 0.600000
-0.029956 0.300000 0.600000
-0.026968 0.300000 0.600000
-0.023977 0.300000 0.600000
-0.020985 0.300000 0.600000
-0.017990 0.300000 0.600000
-0.014994 0.300000 0.600000
-0.011997 0.300000 0.600000
-0.008999 0.300000 0.600000
-0.006000 0.300000 0.600000
-0.003000 0.300000 0.600000
-0.000000 0.300000 0.600000
0.003000 0.300000 0.600000
0.006000 0.300000 0.600000
0.008999 0.300000 0.600000
0.011997 0.300000 0.600000
0.014994 0.300000 0.600000
0.017990 0.300000 0.600000
0.020985 0.300000 0.600000
0.023977 0.300000 0.600000
0.026968 0.300000 0.600000
0.029956 0.300000 0.600000
0.032941 0.300000 0.600000
0.035923 0.300000 0.600000
0.038902 0.300000 0.600000
0.041878 0.300000 0.600000
0.044850 0.300000 0.600000
0.047818 0.300000 0.600000
0.050782 0.300000 0.600000
0.053741 0.300000 0.600000
0.056695 0.300000 0.600000
0.059644 0.300000 0.600000
0.062588 0.300000 0.600000
0.065527 0.300000 0.600000
0.068459 0.300000 0.600000
0.071386 0.300000 0.600000
0.074306 0.300000 0.600000
0.077219 0.300000 0.600000
0.080125 0.300000 0.600000
0.083024 0.300000 0.600000
0.085916 0.300000 0.600000
0.088800 0.300000 0.600000
0.091676 0.300000 0.600000
0.094544 0.300000 0.600000
0.097403 0.300000 0.600000
0.100253 0.300000 0.600000
0.103094 0.300000 0.600000
0.105926 0.300000 0.600000
0.108749 0.300000 0.600000
0.111561 0.300000 0.600000
0.114364 0.300000 0.600000
0.117156 0.300000 0.600000
0.119937 0.300000 0.600000
0.122707 0.300000 0.600000
0.125466 0.300000 0.600000
0.128214 0.300000 0.600000
0.130950 0.300000 0.600000
0.133674 0.300000 0.600000
0.136386 0.300000 0.600000
0.139085 0.300000 0.600000
0.141771 0.300000 0.600000
0.144444 0.300000 0.600000
0.147104 0.300000 0.600000
0.149751 0.300000 0.600000
0.152383 0.300000 0.600000
0.155002 0.300000 0.600000
0.157606 0.300000 0.600000
0.160195 0.300000 0.600000
0.162769 0.300000 0.600000
0.165328 0.300000 0.600000
0.167872 0.300000 0.600000
0.170400 0.300000 0.600000
0.172912 0.300000 0.600000
0.175408 0.300000 0.600000
0.177887 0.300000 0.600000
0.180349 0.300000 0.600000
0.182794 0.300000 0.600000
0.185222 0.300000 0.600000
0.187633 0.300000 0.600000
0.190025 0.300000 0.600000
0.192400 0.300000 0.600000
0.194756 0.300000 0.600000
0.197093 0.300000 0.600000
0.199411 0.300000 0.600000
0.201710 0.300000 0.600000
0.203990 0.300000 0.600000
0.206250 0.300000 0.600000
0.208490 0.300000 0.600000
0.210710 0.300000 0.600000
0.212909 0.300000 0.600000
0.215087 0.300000 0.600000
0.217244 0.300000 0.600000
0.219380 0.300000 0.600000
0.221495 0.300000 0.600000
0.223587 0.300000 0.600000
0.225658 0.300000 0.600000
0.227706 0.300000 0.600000
0.229731 0.300000 0.600000
0.231733 0.300000 0.600000
0.233712 0.300000 0.600000
0.235668 0.300000 0.600000
0.237600 0.300000 0.600000
0.239508 0.300000 0.600000
0.241392 0.300000 0.600000
0.243251 0.300000 0.600000
0.245085 0.300000 0.600000
0.246894 0.300000 0.600000
0.248678 0.300000 0.600000
0.250437 0.300000 0.600000
0.252169 0.300000 0.600000
0.253876 0.300000 0.600000
0.255556 0.300000 0.600000
0.257209 0.300000 0.600000
0.258835 0.300000 0.600000
0.260434 0.300000 0.600000
0.262006 0.300000 0.600000
0.263550 0.300000 0.600000
0.265066 0.300000 0.600000
0.266554 0.300000 0.600000
0.268013 0.300000 0.600000
0.269443 0.300000 0.600000
0.270844 0.300000 0.600000
0.272216 0.300000 0.600000
0.273559 0.300000 0.600000
0.274871 0.300000 0.600000
0.276154 0.300000 0.600000
0.277406 0.300000 0.600000
0.278627 0.300000 0.600000
0.279817 0.300000 0.600000
0.280976 0.300000 0.600000
0.282104 0.300000 0.600000
0.283200 0.300000 0.600000
0.284264 0.300000 0.600000
0.285296 0.300000 0.600000
0.286295 0.300000 0.600000
0.287261 0.300000 0.600000
0.288194 0.300000 0.600000
0.289094 0.300000 0.600000
0.289961 0.300000 0.600000
0.290793 0.300000 0.600000
0.291592 0.300000 0.600000
0.292356 0.300000 0.600000
0.293085 0.300000 0.600000
0.293779 0.300000 0.600000
0.294438 0.300000 0.600000
0.295062 0.300000 0.600000
0.295650 0.300000 0.600000
0.296202 0.300000 0.600000
0.296718 0.300000 0.600000
0.297197 0.300000 0.600000
0.297639 0.300000 0.600000
0.298044 0.300000 0.600000
0.298412 0.300000 0.600000
0.298743 0.300000 0.600000
0.299035 0.300000 0.600000
0.299290 0.300000 0.600000
0.299506 0.300000 0.600000
0.299683 0.300000 0.600000
0.299821 0.300000 0.600000
0.299920 0.300000 0.600000
0.299980 0.300000 0.600000
0.300000 0.300000 0.600000
0.300003 0.299990 0.600003
0.300013 0.299960 0.600013
0.300030 0.299911 0.600030
0.300053 0.299841 0.600053
0.300082 0.299753 0.600082
0.300118 0.299645 0.600118
0.300161 0.299518 0.600161
0.300210 0.299371 0.600210
0.300265 0.299206 0.600265
0.300326 0.299022 0.600326
0.300393 0.298820 0.600393
0.300467 0.298598 0.600467
0.300547 0.298359 0.600547
0.300633 0.298101 0.600633
0.300725 0.297825 0.600725
0.300823 0.297531 0.600823
0.300927 0.297219 0.600927
0.301037 0.296890 0.601037
0.301153 0.296542 0.601153
0.301274 0.296178 0.601274
0.301401 0.295796 0.601401
0.301534 0.295397 0.601534
0.301673 0.294980 0.601673
0.301818 0.294547 0.601818
0.301968 0.294097 0.601968
0.302123 0.293631 0.602123
0.302284 0.293147 0.602284
0.302451 0.292648 0.602451
0.302623 0.292132 0.602623
0.302800 0.291600 0.602800
0.302983 0.291052 0.602983
0.303171 0.290488 0.603171
0.303364 0.289909 0.603364
0.303562 0.289313 0.603562
0.303766 0.288703 0.603766
0.303974 0.288077 0.603974
0.304188 0.287436 0.604188
0.304407 0.286779 0.604407
0.304631 0.286108 0.604631
0.304859 0.285422 0.604859
0.305093 0.284722 0.605093
0.305331 0.284006 0.605331
0.305574 0.283277 0.605574
0.305822 0.282533 0.605822
0.306075 0.281775 0.606075
0.306332 0.281003 0.606332
0.306594 0.280217 0.606594
0.306861 0.279418 0.606861
0.307132 0.278604 0.607132
0.307407 0.277778 0.607407
0.307687 0.276938 0.607687
0.307972 0.276085 0.607972
0.308261 0.275218 0.608261
0.308554 0.274339 0.608554
0.308851 0.273447 0.608851
0.309152 0.272543 0.609152
0.309458 0.271625 0.609458
0.309768 0.270696 0.609768
0.310082 0.269754 0.610082
0.310400 0.268800 0.610400
0.310722 0.267834 0.610722
0.311048 0.266856 0.611048
0.311378 0.265867 0.611378
0.311712 0.264865 0.611712
0.312049 0.263853 0.612049
0.312390 0.262829 0.612390
0.312735 0.261794 0.612735
0.313084 0.260747 0.613084
0.313437 0.259690 0.613437
0.313793 0.258622 0.613793
0.314152 0.257544 0.614152
0.314515 0.256454 0.614515
0.314882 0.255355 0.614882
0.315252 0.254245 0.615252
0.315625 0.253125 0.615625
0.316002 0.251995 0.616002
0.316382 0.250855 0.616382
0.316765 0.249706 0.616765
0.317151 0.248546 0.617151
0.317541 0.247378 0.617541
0.317933 0.246200 0.617933
0.318329 0.245013 0.618329
0.318728 0.243816 0.618728
0.319130 0.242611 0.619130
0.319534 0.241397 0.619534
0.319942 0.240175 0.619942
0.320352 0.238943 0.620352
0.320765 0.237704 0.620765
0.321181 0.236456 0.621181
0.321600 0.235200 0.621600
0.322021 0.233936 0.622021
0.322445 0.232664 0.622445
0.322872 0.231385 0.622872
0.323301 0.230097 0.623301
0.323732 0.228803 0.623732
0.324166 0.227501 0.624166
0.324603 0.226192 0.624603
0.325042 0.224875 0.625042
0.325483 0.223552 0.625483
0.325926 0.222222 0.625926
0.326371 0.220886 0.626371
0.326819 0.219542 0.626819
0.327269 0.218193 0.627269
0.327721 0.216837 0.627721
0.328175 0.215475 0.628175
0.328631 0.214107 0.628631
0.329089 0.212733 0.629089
0.329549 0.211354 0.629549
0.330011 0.209968 0.630011
0.330474 0.208578 0.630474
0.330939 0.207182 0.630939
0.331406 0.205781 0.631406
0.331875 0.204374 0.631875
0.332346 0.202963 0.632346
0.332818 0.201547 0.632818
0.333291 0.200127 0.633291
0.333766 0.198701 0.633766
0.334243 0.197272 0.634243
0.334721 0.195838 0.634721
0.335200 0.194400 0.635200
0.335681 0.192958 0.635681
0.336163 0.191512 0.636163
0.336646 0.190063 0.636646
0.337130 0.188609 0.637130
0.337616 0.187153 0.637616
0.338102 0.185693 0.638102
0.338590 0.184230 0.638590
0.339079 0.182763 0.639079
0.339569 0.181294 0.639569
0.340059 0.179822 0.640059
0.340551 0.178348 0.640551
0.341043 0.176870 0.641043
0.341536 0.175391 0.641536
0.342030 0.173909 0.642030
0.342525 0.172425 0.642525
0.343020 0.170939 0.643020
0.343516 0.169451 0.643516
0.344013 0.167962 0.644013
0.344510 0.166470 0.644510
0.345007 0.164978 0.645007
0.345505 0.163484 0.645505
0.346004 0.161989 0.646004
0.346503 0.160492 0.646503
0.347002 0.158995 0.647002
0.347501 0.157497 0.647501
0.348000 0.155999 0.648000
0.348500 0.154499 0.648500
0.349000 0.153000 0.649000
0.349500 0.151500 0.649500
0.350000 0.150000 0.650000
0.350500 0.148500 0.650500
0.351000 0.147000 0.651000
0.351500 0.145501 0.651500
0.352000 0.144001 0.652000
0.352499 0.142503 0.652499
0.352998 0.141005 0.652998
0.353497 0.139508 0.653497
0.353996 0.138011 0.653996
0.354495 0.136516 0.654495
0.354993 0.135022 0.654993
0.355490 0.133530 0.655490
0.355987 0.132038 0.655987
0.356484 0.130549 0.656484
0.356980 0.129061 0.656980
0.357475 0.127575 0.657475
0.357970 0.126091 0.657970
0.358464 0.124609 0.658464
0.358957 0.123130 0.658957
0.359449 0.121652 0.659449
0.359941 0.120178 0.659941
0.360431 0.118706 0.660431
0.360921 0.117237 0.660921
0.361410 0.115770 0.661410
0.361898 0.114307 0.661898
0.362384 0.112847 0.662384
0.362870 0.111391 0.662870
0.363354 0.109937 0.663354
0.363837 0.108488 0.663837
0.364319 0.107042 0.664319
0.364800 0.105600 0.664800
0.365279 0.104162 0.665279
0.365757 0.102728 0.665757
0.366234 0.101299 0.666234
0.366709 0.099873 0.666709
0.367182 0.098453 0.667182
0.367654 0.097037 0.667654
0.368125 0.095626 0.668125
0.368594 0.094219 0.668594
0.369061 0.092818 0.669061
0.369526 0.091422 0.669526
0.369989 0.090032 0.669989
0.370451 0.088646 0.670451
0.370911 0.087267 0.670911
0.371369 0.085893 0.671369
0.371825 0.084525 0.671825
0.372279 0.083163 0.672279
0.372731 0.081807 0.672731
0.373181 0.080458 0.673181
0.373629 0.079114 0.673629
0.374074 0.077778 0.674074
0.374517 0.076448 0.674517
0.374958 0.075125 0.674958
0.375397 0.073808 0.675397
0.375834 0.072499 0.675834
0.376268 0.071197 0.676268
0.376699 0.069903 0.676699
0.377128 0.068615 0.677128
0.377555 0.067336 0.677555
0.377979 0.066064 0.677979
0.378400 0.064800 0.678400
0.378819 0.063544 0.678819
0.379235 0.062296 0.679235
0.379648 0.061057 0.679648
0.380058 0.059825 0.680058
0.380466 0.058603 0.680466
0.380870 0.057389 0.680870
0.381272 0.056184 0.681272
0.381671 0.054987 0.681671
0.382067 0.053800 0.682067
0.382459 0.052622 0.682459
0.382849 0.051454 0.682849
0.383235 0.050294 0.683235
0.383618 0.049145 0.683618
0.383998 0.048005 0.683998
0.384375 0.046875 0.684375
0.384748 0.045755 0.684748
0.385118 0.044645 0.685118
0.385485 0.043546 0.685485
0.385848 0.042456 0.685848
0.386207 0.041378 0.686207
0.386563 0.040310 0.686563
0.386916 0.039253 0.686916
0.387265 0.038206 0.687265
0.387610 0.037171 0.687610
0.387951 0.036147 0.687951
0.388288 0.035135 0.688288
0.388622 0.034133 0.688622
0.388952 0.033144 0.688952
0.389278 0.032166 0.689278
0.389600 0.031200 0.689600
0.389918 0.030246 0.689918
0.390232 0.029304 0.690232
0.390542 0.028375 0.690542
0.390848 0.027457 0.690848
0.391149 0.026553 0.691149
0.391446 0.025661 0.691446
0.391739 0.024782 0.691739
0.392028 0.023915 0.692028
0.392313 0.023062 0.692313
0.392593 0.022222 0.692593
0.392868 0.021396 0.692868
0.393139 0.020582 0.693139
0.393406 0.019783 0.693406
0.393668 0.018997 0.693668
0.393925 0.018225 0.693925
0.394178 0.017467 0.694178
0.394426 0.016723 0.694426
0.394669 0.015994 0.694669
0.394907 0.015278 0.694907
0.395141 0.014578 0.695141
0.395369 0.013892 0.695369
0.395593 0.013221 0.695593
0.395812 0.012564 0.695812
0.396026 0.011923 0.696026
0.396234 0.011297 0.696234
0.396438 0.010687 0.696438
0.396636 0.010091 0.696636
0.396829 0.009512 0.696829
0.397017 0.008948 0.697017
0.397200 0.008400 0.697200
0.397377 0.007868 0.697377
0.397549 0.007352 0.697549
0.397716 0.006853 0.697716
0.397877 0.006369 0.697877
0.398032 0.005903 0.698032
0.398182 0.005453 0.698182
0.398327 0.005020 0.698327
0.398466 0.004603 0.698466
0.398599 0.004204 0.698599
0.398726 0.003822 0.698726
0.398847 0.003458 0.698847
0.398963 0.003110 0.698963
0.399073 0.002781 0.699073
0.399177 0.002469 0.699177
0.399275 0.002175 0.699275
0.399367 0.001899 0.699367
0.399453 0.001641 0.699453
0.399533 0.001402 0.699533
0.399607 0.001180 0.699607
0.399674 0.000978 0.699674
0.399735 0.000794 0.699735
0.399790 0.000629 0.699790
0.399839 0.000482 0.699839
0.399882 0.000355 0.699882
0.399918 0.000247 0.699918
0.399947 0.000159 0.699947
0.399970 0.000089 0.699970
0.399987 0.000040 0.699987
0.399997 0.000010 0.699997
0.400000 -0.000000 0.700000
